YEAR    JAN    FEB    MAR    APR    MAY    JUN    JUL    AUG    SEP    OCT    NOV    DEC   D-J-F   M-A-M   J-J-A   S-O-N  metANN
1923  999.9  999.9  999.9  999.9  999.9  999.9  999.9  999.9    1.9    0.6   -2.7   -4.1   999.9   999.9   999.9    -0.1  999.90
1924   -1.1   -5.2   -5.4   -4.1   -0.5    2.4    6.5    6.9    3.5    1.0   -2.9   -2.9    -3.5    -3.3     5.3     0.5   -0.25
1925   -3.7   -3.5   -4.5   -1.2    0.6    3.5    4.7    5.8    3.9   -0.2   -3.3   -4.9    -3.4    -1.7     4.7     0.1   -0.07
1926   -2.2   -2.7   -6.2   -0.8   -0.2    2.9    5.8    5.4    2.0   -2.9   -1.3   -5.1    -3.3    -2.4     4.7    -0.7   -0.42
1927   -4.8   -2.6   -4.2   -5.7   -2.0    1.7    5.7    5.7    2.9   -1.6   -1.5   -3.9    -4.2    -4.0     4.4    -0.1   -0.96
1928   -3.8   -3.6   -3.9   -2.3   -1.0    1.6    3.8    4.4    3.4    1.0   -1.4   -2.5    -3.8    -2.4     3.3     1.0   -0.47
1929   -3.2   -0.3   -2.2   -3.5   -0.3    2.3    3.7    4.6    2.5   -2.1   -0.9   -0.2    -2.0    -2.0     3.5    -0.2   -0.16
1930   -3.5   -3.1   -5.2    0.5    1.1    5.0    5.7    7.0    4.0   -0.2   -3.2   -1.5    -2.3    -1.2     5.9     0.2    0.66
1931   -3.9   -4.5   -6.4   -0.6   -0.8    1.9    5.8    4.9    3.2   -2.3    1.7   -4.0    -3.3    -2.6     4.2     0.9   -0.21
1932   -4.8   -1.9   -3.8   -4.3    0.3    2.5    6.3    5.8    1.8   -0.7   -3.4   -2.3    -3.6    -2.6     4.9    -0.8   -0.52
1933   -1.1   -5.2   -3.5   -4.9   -0.4    4.0    5.8    7.0    5.2   -0.7   -0.5   -0.9    -2.9    -2.9     5.6     1.3    0.28
1934   -4.6   -7.4   -3.8   -4.9   -0.8    3.0    6.5    7.4    7.7    1.6   -1.7    0.0    -4.3    -3.2     5.6     2.5    0.17
1935   -3.3   -6.3   -3.4   -3.5   -1.8    1.9    5.1    5.2    2.5   -0.1    0.6   -3.4    -3.2    -2.9     4.1     1.0   -0.26
1936   -7.2   -4.9   -6.1   -3.7    1.4    2.7    5.4    6.6    3.3    0.4   -2.1   -7.2    -5.2    -2.8     4.9     0.5   -0.63
1937   -1.2   -6.4   -7.2   -1.2    0.6    2.6    5.1    5.7    3.7   -0.6   -2.2   -0.9    -4.9    -2.6     4.5     0.3   -0.69
1938   -5.4   -3.7   -6.2   -4.2   -1.4    3.4    5.5    5.6    3.8    3.9    0.8    1.4    -3.3    -3.9     4.8     2.8    0.10
1939   -2.9   -3.5   -1.7   -3.2    0.9    2.8    5.6    7.1    4.2    1.8  999.9  999.9    -1.7    -1.3     5.2     1.7    0.97
1940  999.9  999.9  999.9  999.9  999.9  999.9  999.9  999.9  999.9  999.9  999.9  999.9   999.9   999.9   999.9   999.9  999.90
1941  999.9  999.9  999.9  999.9  999.9  999.9  999.9  999.9  999.9  999.9  999.9  999.9   999.9   999.9   999.9   999.9  999.90
1942  999.9  999.9  999.9  999.9  999.9  999.9  999.9  999.9  999.9  999.9  999.9  999.9   999.9   999.9   999.9   999.9  999.90
1943  999.9  999.9  999.9  999.9  999.9  999.9  999.9  999.9  999.9  999.9  999.9  999.9   999.9   999.9   999.9   999.9  999.90
1944  999.9  999.9  999.9  999.9  999.9  999.9  999.9  999.9  999.9  999.9  999.9  999.9   999.9   999.9   999.9   999.9  999.90
1945  999.9  999.9   -3.9   -2.4    0.2    2.8    5.3    5.5    4.4   -0.9   -0.7   -5.6   999.9    -2.0     4.5     0.9   -0.07
1946   -0.1   -5.5   -5.1   -4.2   -1.2    2.6    5.3    6.2    4.5    2.7   -2.0    0.3    -3.7    -3.5     4.7     1.7   -0.20
1947    0.9   -2.3   -7.7   -3.4    1.1    2.9    6.1    6.6    3.8    0.6   -3.6   -7.1    -0.4    -3.3     5.2     0.3    0.44
1948   -8.2   -2.4   -4.1   -3.2   -2.1    0.6    4.5    3.9    1.7   -0.5   -3.6   -4.7    -5.9    -3.1     3.0    -0.8   -1.71
1949   -4.9   -4.2   -5.0   -4.4   -1.2    3.0    4.4    3.8    2.9   -1.2    0.0   -4.0    -4.6    -3.5     3.7     0.6   -0.96
1950   -0.5  999.9   -4.6   -3.0   -0.8    1.9    5.0    6.9    4.2    1.8   -0.8   -4.4    -2.4    -2.8     4.6     1.7    0.29
1951   -4.6   -2.7   -7.3   -5.5   -1.0    0.0    3.6    5.9    3.8    0.4   -4.2   -4.1    -3.9    -4.6     3.2     0.0   -1.33
1952   -4.6   -6.2   -5.4   -1.6   -0.7    2.2    4.2    3.2    1.8    3.4   -1.9   -3.7    -5.0    -2.6     3.2     1.1   -0.81
1953   -5.3   -5.9   -6.3   -6.2   -0.9    4.3    5.2    7.1    4.4    1.6   -0.7   -0.8    -5.0    -4.5     5.5     1.8   -0.53
1954   -4.5   -3.6   -9.0   -4.4   -0.4    1.2    4.2    4.0    2.3   -0.5    2.0   -1.9    -3.0    -4.6     3.1     1.3   -0.79
1955   -7.4   -8.1   -6.9   -3.4   -2.3    1.4    4.6    5.0    4.0   -1.5   -2.4   -4.4    -5.8    -4.2     3.7     0.0   -1.57
1956   -5.2   -4.2   -3.0   -4.8   -0.9    0.3    4.6    3.4    1.7   -0.3   -0.7   -0.2    -4.6    -2.9     2.8     0.2   -1.12
1957   -1.4   -3.6   -3.5   -1.5   -1.2    1.0    3.9    4.8    3.1    0.3   -0.8   -4.4    -1.7    -2.1     3.2     0.9    0.08
1958   -2.9   -5.1   -3.5   -1.5   -0.6    2.4    3.9    5.4    3.8    2.1   -1.0   -4.4    -4.1    -1.9     3.9     1.6   -0.12
1959   -6.9   -5.7   -3.1   -6.2   -1.9    0.6    3.3    4.4    3.0    3.1   -1.3   -1.4    -5.7    -3.7     2.8     1.6   -1.26
1960   -2.8   -5.4   -1.9   -1.7    0.1    2.2    5.0    5.4    5.6    0.4    0.1   -2.5    -3.2    -1.2     4.2     2.0    0.47
1961   -2.4   -3.9   -7.2   -5.9   -0.1    2.1    3.9    6.1    4.3    3.8   -1.7   -6.1    -2.9    -4.4     4.0     2.1   -0.29
1962   -3.2   -4.0   -7.5   -3.3    0.2    0.8    3.8    5.2    3.3   -2.1   -2.9   -3.4    -4.4    -3.5     3.3    -0.6   -1.32
1963   -7.0  999.9   -3.3  999.9  999.9  999.9  999.9  999.9  999.9  999.9  999.9   -3.2    -5.3   999.9   999.9   999.9  999.90
1964   -4.7   -5.5   -1.2   -1.7   -0.5    2.0    4.2    4.9    1.3    1.0   -5.4   -5.9    -4.5    -1.1     3.7    -1.0   -0.73
1965   -5.0   -3.8  999.9   -2.6   -1.5    1.7    4.1    6.3    3.5    2.4   -2.8   -7.1    -4.9    -3.0     4.0     1.0   -0.72
1966  -10.6   -8.4   -8.2   -0.7   -0.7    3.8    5.4    4.5    1.8   -0.2   -3.2   -3.7    -8.7    -3.2     4.6    -0.5   -1.97
1967   -7.4   -3.3   -8.7   -3.8   -0.5    1.6    4.0    3.9    3.5   -2.3   -5.4   -5.0    -4.8    -4.3     3.2    -1.4   -1.84
1968  999.9  999.9  999.9   -4.6   -2.6    1.5  999.9  999.9    2.9   -3.0   -1.3   -7.8   999.9    -4.6   999.9    -0.5  999.90
1969   -9.2  999.9   -9.2   -4.7   -0.7    3.1    5.6    7.2    2.7   -1.7   -5.6   -6.6    -8.6    -4.9     5.3    -1.5   -2.43
1970  999.9  999.9  999.9   -3.9    0.6    3.3    4.2    4.9    3.2    0.5   -1.4   -5.0   999.9    -2.6     4.1     0.8   -0.46
1971   -9.4   -4.3   -6.8   -4.1    0.5    3.0    4.1    4.9    3.0    1.8   -8.3   -5.4    -6.2    -3.5     4.0    -1.2   -1.72
1972   -0.5   -5.6   -4.5   -3.0    0.5    3.4    5.8    4.9    3.7    0.0   -1.3   -1.2    -3.8    -2.3     4.7     0.8   -0.17
1973   -1.4  -12.0   -6.0   -6.8   -0.3    2.4    4.6    5.6    4.6   -0.5   -6.8   -6.0    -4.9    -4.4     4.2    -0.9   -1.48
1974   -0.8   -3.2   -0.7   -0.8    1.4    3.6    4.2    5.0    3.4    1.8    1.1   -5.0    -3.3    -0.0     4.3     2.1    0.75
1975   -6.2   -3.0   -5.3   -4.4   -1.0    1.1    4.6    5.7    1.9    1.4   -1.0   -7.8    -4.7    -3.6     3.8     0.8   -0.93
1976   -6.0   -2.0   -0.9   -3.8    0.9    3.5    5.6    5.8    3.3    3.8   -2.1   -2.5    -5.3    -1.3     5.0     1.7    0.03
1977   -5.3   -4.6   -7.6   -5.0   -0.9    2.0    4.5    4.7    3.3    1.6   -2.2   -1.7    -4.1    -4.5     3.7     0.9   -1.00
1978   -6.3   -8.9   -4.9   -2.1   -0.1    2.6    5.0    6.1    3.6    0.8   -5.2   -3.9    -5.6    -2.4     4.6    -0.3   -0.93
1979   -9.2   -6.2   -4.4   -2.8   -2.1    2.3    4.4    5.9    2.7    1.8   -1.8   -0.7    -6.4    -3.1     4.2     0.9   -1.11
1980   -2.7   -4.3   -2.2   -2.1    1.4    3.2    5.5    5.7    3.7   -1.6   -3.5   -6.2    -2.6    -1.0     4.8    -0.5    0.20
1981   -7.2   -4.7   -6.4   -3.5   -0.2    1.1    4.2    5.1    2.6   -0.5   -2.3   -5.5    -6.0    -3.4     3.5    -0.1   -1.50
1982   -8.5   -3.0   -4.1   -5.3   -1.4    1.2    4.1    5.2    1.9    1.4   -2.5   -3.7    -5.7    -3.6     3.5     0.3   -1.38
1983   -3.6   -4.4   -4.8   -2.8    0.4    2.1    4.9    4.8    2.5   -0.9   -1.3   -4.0    -3.9    -2.4     3.9     0.1   -0.57
1984   -2.5   -0.8   -2.8    0.1    0.0    3.2    5.1    5.6    3.9    1.5    0.4    0.9    -2.4    -0.9     4.6     1.9    0.81
1985   -3.0   -4.7   -4.1   -5.3    0.6    2.5    5.5    5.3    2.6    0.2   -2.9   -6.8    -2.3    -2.9     4.4    -0.0   -0.20
1986   -5.4   -5.5   -3.9   -3.1   -0.2    3.2    4.1    5.7    3.1    1.7   -1.5   -1.5    -5.9    -2.4     4.3     1.1   -0.72
1987   -2.1   -8.8   -3.7   -1.1    0.7    3.0    5.8    5.3    4.1    1.3   -1.6  -10.5    -4.1    -1.4     4.7     1.3    0.12
1988  -10.4   -2.8   -7.2   -6.6   -0.5    2.0    4.9    6.3    3.6    0.9   -4.1   -8.2    -7.9    -4.8     4.4     0.1   -2.03
1989   -6.3   -5.4   -6.4   -1.3   -0.6    2.1    5.0    6.2    6.2    0.9   -0.5   -6.2    -6.6    -2.8     4.4     2.2   -0.69
1990   -3.7   -4.4   -4.9   -3.7   -0.2    3.1    4.9    5.3    5.4    1.1    1.4   -2.0    -4.8    -2.9     4.4     2.6   -0.16
1991   -0.6   -1.9   -1.9   -3.1    0.1    2.6    6.1    6.7    3.8    1.4   -1.4   -3.2    -1.5    -1.6     5.1     1.3    0.82
1992   -3.7   -4.4   -5.0   -3.8   -0.3    3.1    4.9    5.3    5.4    1.1    1.4   -2.0    -3.8    -3.0     4.4     2.6    0.07
1993   -4.8   -5.4   -3.2   -1.3   -0.3    2.3    5.8    5.7    3.7    0.0    2.1   -2.7    -4.1    -1.6     4.6     1.9    0.22
1994   -4.7   -1.6   -2.3   -1.0    1.1    3.1    5.7    5.6    3.5   -2.0   -0.7   -2.4    -3.0    -0.7     4.8     0.3    0.33
1995   -2.9   -3.9   -3.1   -2.7    0.3    3.3    4.0    5.1    2.9    1.1   -1.2   -3.8    -3.1    -1.8     4.1     0.9    0.04
1996   -0.6   -4.9   -2.1   -2.7   -1.3    2.4    5.4    6.0    4.3    0.3   -3.5   -5.5    -3.1    -2.0     4.6     0.4   -0.04
1997   -8.3   -2.6   -4.5   -4.0   -0.6    2.3    4.7    6.2    3.1   -0.5   -1.0   -1.4    -5.5    -3.0     4.4     0.5   -0.89
1998   -6.2   -5.5   -5.1   -1.6    0.0    3.0    5.6    7.0    4.5    2.1   -0.3   -2.2    -4.4    -2.2     5.2     2.1    0.18
1999   -2.5   -3.3   -1.2   -1.9    2.2    4.3    6.1    5.9    5.2    2.6   -0.3   -3.9    -2.7    -0.3     5.4     2.5    1.24
2000   -4.0   -3.3   -5.7   -3.7    0.8    2.1    5.7    6.8    5.4    3.2    1.1   -3.9    -3.7    -2.9     4.9     3.2    0.38
2001   -7.4   -5.7   -6.8   -3.9    0.6    2.7    5.4    6.9    4.9    2.5   -2.9   -1.0    -5.7    -3.4     5.0     1.5   -0.63
2002   -3.2   -5.2   -4.1   -0.5    1.7    5.2    7.4    7.7    4.8    3.2    2.5    1.0    -3.1    -1.0     6.8     3.5    1.54
2003   -6.4   -0.3   -2.2   -1.5   -0.2    4.0    6.3    7.4    5.3    0.2    1.7   -4.5    -1.9    -1.3     5.9     2.4    1.28
2004   -3.0   -4.7   -0.3    0.3    1.4    3.8    6.8    7.8    6.3    2.2   -1.8   -3.5    -4.1     0.5     6.1     2.2    1.19
2005   -2.0   -3.0   -2.6   -0.5   -0.5    3.2    6.1    6.9    2.5   -0.1   -1.9   -0.8    -2.8    -1.2     5.4     0.2    0.38
2006   -0.2   -2.5   -3.5   -0.5    0.8    3.1    5.4    6.6    4.8    0.5   -2.4   -0.8    -1.2    -1.1     5.0     1.0    0.94
2007   -4.9   -2.6   -1.4   -2.0    1.0    3.6    5.5    6.0    3.1    0.6   -3.3   -1.3    -2.8    -0.8     5.0     0.1    0.40
2008   -2.8   -2.7   -4.6   -1.8    1.1    3.3    6.1    6.9    5.8    1.2   -3.5   -0.8    -2.3    -1.8     5.4     1.2    0.64
2009   -2.3   -5.3   -3.2   -1.6    2.0    2.9    6.7    7.2    3.8    0.6   -0.3   -1.3    -2.8    -0.9     5.6     1.4    0.81
2010   -1.1   -3.4   -5.1   -2.5    0.1    2.5    6.2    6.4    5.7    1.7   -1.8   -3.1    -1.9    -2.5     5.0     1.9    0.62
2011  999.9   -0.6   -5.9   -0.5    1.0    3.5    5.3    6.1    5.9    2.1    1.3   -3.3    -1.9    -1.8     5.0     3.1    1.08
2012    0.5   -3.7   -2.3   -4.5   -0.6    2.4    4.8    5.9    3.3    1.0   -1.1   -2.1    -2.2    -2.5     4.4     1.1    0.20
2013   -1.6   -2.1   -5.8   -4.2    0.8    4.4    5.4    5.9    5.3    0.7   -5.0   -1.9    -1.9    -3.1     5.2     0.3    0.14
2014    1.5   -1.2   -1.9   -1.9    0.4    4.7    7.4    7.1    5.8    3.0    1.4   -3.6    -0.5    -1.1     6.4     3.4    2.03
2015   -1.2   -4.9   -1.8  999.9    0.1    2.6    5.8    7.1    5.9    2.6   -0.6   -2.9    -3.2    -1.1     5.2     2.6    0.88
2016   -1.3   -3.0   -2.3   -1.5    1.8    4.4    6.6    6.8    6.7    5.9    2.1   -0.5    -2.4    -0.7     5.9     4.9    1.94
2017   -3.3   -1.2   -4.2   -2.1    1.9    4.8    6.9    7.1    7.6    4.7   -0.7   -2.3    -1.7    -1.5     6.3     3.9    1.75
2018   -1.8    1.1   -2.3    0.0    2.8    3.4    6.7    7.4    4.9    2.4    1.3   -1.6    -1.0     0.2     5.8     2.9    1.97
2019   -3.4   -2.7   -4.9    0.5    0.3    3.6    9.0  999.9  999.9  999.9  999.9  999.9    -2.6    -1.4     6.9   999.9    1.39

