YEAR    JAN    FEB    MAR    APR    MAY    JUN    JUL    AUG    SEP    OCT    NOV    DEC   D-J-F   M-A-M   J-J-A   S-O-N  metANN
1923   -9.0   -7.8  -13.7  -13.6   -5.4    3.1    7.0    8.4    5.2    0.6   -7.1   -9.6   -10.2   -10.9     6.2    -0.4   -3.85
1924  -12.3  -10.6  -12.7  -10.3   -0.7    1.9    9.1    7.6    3.5    1.1   -3.9  -10.0   -10.8    -7.9     6.2     0.2   -3.08
1925   -8.9  -12.2  -17.7  -10.9   -6.1    0.4    5.3    4.7    3.9   -3.5  -11.7  -17.0   -10.4   -11.6     3.5    -3.8   -5.56
1926  -12.6  -17.4   -9.4  -10.4   -7.4    1.1    5.6    5.2    2.6   -3.3  -10.5  -13.4   -15.7    -9.1     4.0    -3.7   -6.12
1927  -15.8  -10.8  -15.8  -11.0   -2.9    3.3    5.3    7.3    3.3   -2.1   -9.0  -13.1   -13.3    -9.9     5.3    -2.6   -5.13
1928  -12.5  -10.2  -14.6  -12.9   -5.7    1.4    7.7    8.3    3.7   -4.8   -7.3   -8.9   -11.9   -11.1     5.8    -2.8   -5.00
1929  999.9  -11.9  -21.7  -15.6   -5.5    2.1    5.9    5.4    4.5   -0.2   -3.3   -7.9   -10.6   -14.3     4.5     0.3   -5.02
1930   -8.2  -18.5  -19.2  -11.7   -4.7    1.0    6.9    7.9    2.2   -3.1   -2.1  -10.1   -11.5   -11.9     5.3    -1.0   -4.78
1931  -15.5   -5.5  -16.9  -10.2   -3.6    1.5    7.2    8.8    4.5    0.3   -3.0   -7.5   -10.4   -10.2     5.8     0.6   -3.54
1932  -13.8  -16.6  -17.2   -9.5   -4.2    1.0    5.7    7.3    4.9   -2.7   -7.9  -14.6   -12.6   -10.3     4.7    -1.9   -5.04
1933   -9.2  -15.1  -20.0   -8.6   -5.8    0.5    6.8    6.2    2.6   -1.9  -13.3  -13.8   -13.0   -11.5     4.5    -4.2   -6.03
1934   -5.6  -11.1  -11.4  -10.9   -2.8    1.7    4.6    5.5    2.5   -0.4   -3.9   -8.9   -10.2    -8.4     3.9    -0.6   -3.80
1935  -13.5   -8.8  -13.9  -13.7   -4.5    1.4    6.2    5.4    3.0   -2.3   -3.1   -8.5   -10.4   -10.7     4.3    -0.8   -4.39
1936  -15.5  -20.9  -15.2   -5.9   -2.8    2.6    7.1    8.4    4.2   -0.1   -2.2   -5.7   -15.0    -8.0     6.0     0.6   -4.07
1937   -3.5  -10.2  -16.6   -6.6   -3.1    2.3    8.4    6.9    3.0    0.0   -3.8   -7.2    -6.5    -8.8     5.9    -0.3   -2.41
1938   -5.9  -10.6  -10.4   -7.7   -3.1    3.2    6.8    6.2    5.0   -1.6   -6.6   -7.6    -7.9    -7.1     5.4    -1.1   -2.66
1939  -14.9  -14.1  -10.4  -12.4   -3.8    2.0    7.4    5.1    0.3   -2.5   -3.2  -10.1   -12.2    -8.9     4.8    -1.8   -4.51
1940  -14.6  -11.7  -16.9   -8.8   -4.0    2.5  999.9  999.9  999.9  999.9  999.9  999.9   -12.1    -9.9   999.9   999.9  999.90
1941  999.9  999.9  999.9  999.9  999.9  999.9  999.9  999.9  999.9  999.9  999.9  999.9   999.9   999.9   999.9   999.9  999.90
1942  999.9  999.9  999.9  999.9  999.9  999.9    6.6    6.8    3.6  999.9  999.9  999.9   999.9   999.9     5.1   999.9  999.90
1943  -14.5   -7.9  -15.2   -4.4   -2.2    3.7    9.6    6.3    4.9   -1.9   -3.0   -7.1   -10.5    -7.3     6.5     0.0   -2.80
1944   -7.3  -10.4  -10.9   -9.3   -2.7    1.5    8.4    6.4    4.7    1.6   -1.9   -2.5    -8.3    -7.6     5.4     1.5   -2.25
1945   -6.2   -9.3  -13.3   -7.0   -3.1    3.7    4.1    7.7    3.6   -3.0  -10.1  -11.6    -6.0    -7.8     5.2    -3.2   -2.95
1946  -13.4  -19.8  -13.2  -10.9   -4.8    0.8    5.7    6.5    4.6   -4.3   -9.9  -10.2   -14.9    -9.6     4.3    -3.2   -5.86
1947   -6.7  -20.5  -15.7   -6.7   -4.4    1.5    3.6    6.8    3.4    0.4   -6.3   -7.6   -12.5    -8.9     4.0    -0.8   -4.57
1948  -14.1  -13.9  -15.9  -10.6   -2.6    2.1    7.4    6.6    4.0    0.6   -3.1  -13.1   -11.9    -9.7     5.4     0.5   -3.93
1949  -14.2  -18.5   -9.8   -7.3   -4.4    0.6    3.0    4.8    1.7   -3.4   -6.5  -11.7   -15.3    -7.2     2.8    -2.7   -5.59
1950  -12.1  -18.0  -11.5   -4.4   -3.7    1.7    5.2    7.0    4.6    1.4   -3.3   -8.6   -13.9    -6.5     4.6     0.9   -3.73
1951  -10.8  -10.4  -15.5   -4.3   -4.3    1.3    6.4    5.6    2.5    0.3  -10.9  -10.0    -9.5    -8.0     4.4    -2.7   -3.94
1952  -14.2   -9.1  -15.4  -10.4   -4.4    3.6    7.8    5.8    4.2   -3.1   -5.9  -15.3   -11.1   -10.1     5.7    -1.6   -4.26
1953  -15.9  -13.1  -17.0   -7.4   -3.4    2.3    7.0    6.9    2.8   -1.5   -2.8   -2.7   -14.8    -9.3     5.4    -0.5   -4.78
1954   -8.3   -8.2  -10.8   -6.8   -2.4    3.6    9.4    7.2    3.8    0.4   -2.4   -2.6    -6.4    -6.7     6.7     0.6   -1.43
1955   -7.4  -20.8  -17.2   -5.0   -4.2    2.9    6.2    5.5    3.6   -0.6  -11.0  -15.2   -10.3    -8.8     4.9    -2.7   -4.22
1956  -14.3  -13.6   -6.4  -12.8   -2.6    2.4  999.9  999.9  999.9   -3.6   -8.9   -7.6   -14.4    -7.3   999.9    -3.4   -4.94
1957  -11.3  -14.4  -19.2   -8.4   -2.8    1.7    7.9    9.3    2.7   -4.3  -18.4  -18.0   -11.1   -10.1     6.3    -6.7   -5.40
1958  -11.8  -20.4  -21.9  -12.4   -5.9    1.6    6.0    4.5    0.4   -2.5   -6.6  -16.9   -16.7   -13.4     4.0    -2.9   -7.25
1959  -16.1  -11.6   -9.1  -13.0   -1.7    3.3    8.0    8.4    4.4   -2.8   -2.2   -6.9   -14.9    -7.9     6.6    -0.2   -4.11
1960  -15.0  -24.6  -16.7   -7.2   -3.0    2.4   10.8    6.7    3.4   -4.2   -9.2   -6.2   -15.5    -9.0     6.6    -3.3   -5.29
1961  -13.9  -14.0   -9.4   -9.3   -5.3    2.8   12.2    9.3    3.6  999.9  999.9  -15.2   -11.4    -8.0     8.1   999.9   -2.87
1962  -17.5  -13.9  -14.6   -8.0   -3.4    1.6    8.0    5.5    4.2   -4.4   -3.0  -16.7   -15.5    -8.7     5.0    -1.1   -5.06
1963  -14.8  -21.2  -24.3  -11.8   -3.9    1.7    5.0    6.0    1.7   -0.2  -12.0  -17.7   -17.6   -13.3     4.2    -3.5   -7.54
1964  -22.0  -15.1  -15.3  -15.8   -6.2   -0.1    8.4    5.9    3.3   -1.0  -15.6   -9.9   -18.3   -12.4     4.7    -4.4   -7.60
1965  -11.2  -17.5  -13.3   -9.2   -6.4    1.7    7.3    7.6    3.2   -5.4  -11.7  -13.3   -12.9    -9.6     5.5    -4.6   -5.40
1966  -15.1  -24.8  -20.5  -12.9   -6.9   -0.6    6.7    5.1    1.8   -8.0   -6.5   -5.8   -17.7   -13.4     3.7    -4.2   -7.92
1967  -19.0  -12.7   -9.0   -8.0   -5.8    1.2    7.8    7.6    4.0   -1.2   -2.5  -10.5   -12.5    -7.6     5.5     0.1   -3.62
1968  -13.5  -10.5  -14.2  -11.7   -5.3    0.3    3.1    6.3    1.0   -4.0  -17.8  -15.2   -11.5   -10.4     3.2    -6.9   -6.40
1969  -17.3  -13.7  -19.1  -13.8   -6.6    0.0    7.4    3.2    2.2   -2.2   -3.8   -4.2   -15.4   -13.2     3.5    -1.3   -6.58
1970  -18.3  -17.6  -11.7  -11.9   -4.6    0.5    6.9    6.2    3.8   -3.2   -7.9  -11.2   -13.4    -9.4     4.5    -2.4   -5.17
1971  -18.3  -14.1  -11.5  -13.0   -3.7    1.3    4.8    5.7    2.6   -5.6   -9.7  -11.8   -14.5    -9.4     3.9    -4.2   -6.06
1972  -10.1  -12.3  -12.4   -9.6   -7.0    5.0    7.8    7.1    3.0   -2.0  -13.9  -12.4   -11.4    -9.7     6.6    -4.3   -4.68
1973  -16.6  -11.8  -13.1   -7.6   -3.6    1.4    7.2    7.3    2.1   -4.7   -9.5  -16.0   -13.6    -8.1     5.3    -4.0   -5.11
1974  -11.8  -18.5   -8.2  -11.7   -5.9    2.3   10.4    7.7    3.7   -1.4  -12.8   -5.8   -15.4    -8.6     6.8    -3.5   -5.18
1975  -12.2  -14.2  -12.7   -8.5   -4.5    1.1    7.3    5.8    4.7   -4.4  -10.9   -7.9   -10.7    -8.6     4.7    -3.5   -4.53
1976  -17.6  -12.7   -8.4   -5.2   -3.0    2.6    7.1    6.1    2.4   -4.3   -6.1   -8.5   -12.7    -5.5     5.3    -2.7   -3.92
1977  -14.4  -21.6  -19.9   -9.1   -2.4    3.2    8.1    7.0    3.5   -7.2   -5.4   -8.6   -14.8   -10.5     6.1    -3.0   -5.56
1978  -14.7  -18.1  -13.7  -15.1   -4.3    0.0    5.7    4.8    2.2   -2.2   -8.1  -20.4   -13.8   -11.0     3.5    -2.7   -6.01
1979  -20.3  -22.2  -21.2  -14.4   -4.3    0.1    9.1    5.8    4.7   -3.7   -6.8  -12.3   -21.0   -13.3     5.0    -1.9   -7.80
1980  -17.8  -11.9  -12.0   -9.5   -5.5    0.0    4.1    3.9    2.8   -0.3  -13.1  -12.9   -14.0    -9.0     2.7    -3.5   -5.97
1981  -11.0  -12.4  -20.6  -13.9   -6.6    1.3    5.7    9.6    4.2   -0.2   -3.2  -12.1   -12.1   -13.7     5.5     0.3   -5.00
1982  -21.9  -17.9  -14.9   -8.4   -3.1    0.6    6.2    3.9    2.4   -7.2   -9.1   -9.1   -17.3    -8.8     3.6    -4.6   -6.79
1983  -12.1  -15.3  -12.6  -10.8   -4.4    2.4    7.6    5.4    3.1   -1.1   -9.1  -12.9   -12.2    -9.3     5.1    -2.4   -4.67
1984   -7.7   -4.7   -8.9  -13.5   -3.0    3.8    9.6    8.0    5.1   -3.0  -10.6   -6.1    -8.4    -8.5     7.1    -2.8   -3.15
1985  -18.7  -17.5  -11.2  -13.0   -5.6    3.4    6.5    6.6    5.9   -0.9   -5.4  -16.0   -14.1    -9.9     5.5    -0.1   -4.67
1986  -17.2  -17.9   -6.9  -12.4   -5.6    0.4    1.1    7.3    0.3   -1.4   -1.7  -15.5   -17.0    -8.3     2.9    -0.9   -5.83
1987  -18.2  -19.6  -12.9  -14.9   -3.6   -1.0    4.0    5.8    3.6    1.2   -5.7  -15.0   -17.8   -10.5     2.9    -0.3   -6.40
1988  -11.9  -12.9   -9.3  -15.1   -3.2    2.7    7.1    9.0    3.8   -3.1  -11.1  -12.0   -13.3    -9.2     6.3    -3.5   -4.92
1989  -16.9  -13.3   -8.3   -7.5   -2.9    1.7    8.6    7.7    5.0   -2.3   -6.3  -11.9   -14.1    -6.2     6.0    -1.2   -3.88
1990  -20.3  -14.2  -13.5   -4.9  999.9  999.9  999.9  999.9  999.9  999.9  999.9  999.9   -15.5    -6.7   999.9   999.9  999.90
1991  999.9  999.9  999.9  999.9  999.9  999.9  999.9  999.9  999.9  999.9  999.9  999.9   999.9   999.9   999.9   999.9  999.90
1992  999.9  999.9  999.9  999.9  999.9  999.9  999.9  999.9  999.9  999.9  999.9  999.9   999.9   999.9   999.9   999.9  999.90
1993  999.9  999.9  999.9  999.9  999.9  999.9  999.9  999.9  999.9  999.9  999.9  999.9   999.9   999.9   999.9   999.9  999.90
1994  999.9  999.9  999.9  999.9  999.9  999.9  999.9  999.9  999.9  999.9  999.9  999.9   999.9   999.9   999.9   999.9  999.90
1995  999.9  999.9  999.9  999.9  999.9  999.9  999.9  999.9  999.9  999.9  999.9  999.9   999.9   999.9   999.9   999.9  999.90
1996  999.9  999.9  999.9  999.9  999.9  999.9  999.9  999.9  999.9  999.9  999.9  999.9   999.9   999.9   999.9   999.9  999.90
1997  999.9  999.9  999.9  999.9  999.9  999.9  999.9  999.9  999.9  999.9  999.9  999.9   999.9   999.9   999.9   999.9  999.90
1998  999.9  999.9  999.9  999.9  999.9  999.9  999.9  999.9  999.9  999.9  999.9  999.9   999.9   999.9   999.9   999.9  999.90
1999  999.9  999.9  999.9  999.9  999.9  999.9  999.9  999.9  999.9  999.9  999.9  999.9   999.9   999.9   999.9   999.9  999.90
2000  999.9  999.9  999.9  999.9  999.9  999.9  999.9  999.9  999.9  999.9  999.9  999.9   999.9   999.9   999.9   999.9  999.90
2001  999.9  999.9  999.9  999.9  999.9  999.9  999.9  999.9  999.9  999.9  999.9  999.9   999.9   999.9   999.9   999.9  999.90
2002  999.9  999.9  999.9  999.9  999.9  999.9  999.9  999.9  999.9  999.9  999.9  999.9   999.9   999.9   999.9   999.9  999.90
2003  999.9  999.9  999.9  999.9  999.9  999.9  999.9  999.9  999.9  999.9  999.9  999.9   999.9   999.9   999.9   999.9  999.90
2004  999.9  999.9  999.9  999.9  999.9  999.9  999.9  999.9  999.9  999.9  999.9  999.9   999.9   999.9   999.9   999.9  999.90
2005  999.9  999.9  999.9  999.9  999.9  999.9  999.9  999.9  999.9  999.9  999.9  999.9   999.9   999.9   999.9   999.9  999.90
2006  -12.6   -8.7  -13.2  -11.7   -1.6    3.6    5.5  999.9    3.2   -3.7   -5.8   -9.6    -9.5    -8.8     5.2    -2.1   -3.80
2007   -9.7  -15.6   -4.9   -4.8   -4.9    3.2    9.4    7.6    5.2    3.1   -5.0   -6.7   -11.6    -4.9     6.7     1.1   -2.17
2008  999.9  999.9  999.9  999.9  999.9  999.9  999.9  999.9    4.4   -0.1   -5.3  999.9   999.9   999.9   999.9    -0.3  999.90
2009   -9.8  -16.6  -10.8  -10.6   -4.5    1.9    7.6    6.5    4.9   -3.4   -5.0  -14.2   -12.1    -8.6     5.3    -1.2   -4.13
2010   -9.7  -18.8  -14.2   -7.8   -1.1    2.1    6.0    5.1    2.0    1.1   -8.1  -10.8   -14.2    -7.7     4.4    -1.7   -4.80
2011  -11.5  -14.5   -6.7   -4.3   -0.1    5.4    6.3    5.8    6.6    1.7  999.9  999.9   -12.3    -3.7     5.8     1.3   -2.21