YEAR    JAN    FEB    MAR    APR    MAY    JUN    JUL    AUG    SEP    OCT    NOV    DEC   D-J-F   M-A-M   J-J-A   S-O-N  metANN
1923   -8.7  -15.9   -7.0   -4.1    2.2    7.1   13.9    9.0    5.3   -0.1   -9.4  -12.9   -13.6    -3.0    10.0    -1.4   -2.00
1924  -13.9  -17.0  -12.8   -4.6    3.3    7.5   15.7   12.8    7.3    1.8   -9.2   -7.8   -14.6    -4.7    12.0    -0.0   -1.83
1925   -6.3  -14.9  -15.3   -1.5    3.6    9.3   16.5   10.8    6.2   -4.6  -12.6  -15.9    -9.7    -4.4    12.2    -3.7   -1.38
1926  -17.1  -19.4   -5.9   -4.1    3.3    9.0   12.7   10.3    5.8   -5.7   -7.2  -17.0   -17.5    -2.2    10.7    -2.4   -2.85
1927  -15.4  -10.6  -10.4   -4.6    1.4    8.6   16.0   11.6    4.8   -6.4  -14.2  -12.2   -14.3    -4.5    12.1    -5.3   -3.02
1928  -12.1  -11.3   -7.0   -2.6    2.6    8.5   10.5   10.8    5.6   -2.9  -10.6  -16.0   -11.9    -2.3     9.9    -2.6   -1.73
1929  -14.1  -17.7   -8.8   -8.5    4.1    9.0    9.9    9.7    6.5   -0.4   -5.8   -2.9   -15.9    -4.4     9.5     0.1   -2.68
1930  -10.9  -11.4  -12.5   -2.7    4.2   10.1   14.0   12.1    3.2   -0.3   -5.6  -12.3    -8.4    -3.7    12.1    -0.9   -0.23
1931  -15.8  -11.8  -10.3   -4.1    3.8    6.1   15.2   10.4    3.5   -1.7   -3.2   -9.9   -13.3    -3.5    10.6    -0.5   -1.68
1932   -9.5   -9.8   -9.3   -2.7    1.1    7.9   12.5   10.7    4.9   -2.5   -5.9   -5.2    -9.7    -3.6    10.4    -1.2   -1.04
1933   -7.4  -16.3  -11.0   -5.9    2.3   11.3   14.6   11.2    5.8   -0.9   -7.6   -9.9    -9.6    -4.9    12.4    -0.9   -0.76
1934   -5.8  -14.1   -8.3   -4.1    5.9    8.5   16.3   12.4    9.3    0.8   -6.9   -9.2    -9.9    -2.2    12.4     1.1    0.34
1935  -13.9  -15.3   -8.1   -3.0    0.9    8.7   13.0   10.6    4.2    0.4   -2.1   -8.6   -12.8    -3.4    10.8     0.8   -1.15
1936  -15.8  -19.6  -12.2   -3.2    6.1   13.5   13.3   12.5    5.7   -2.4   -4.2   -5.7   -14.7    -3.1    13.1    -0.3   -1.24
1937   -8.5  -18.4  -10.8    0.4    6.6   13.1   17.0   15.8    5.4    0.6   -8.3  -13.8   -10.9    -1.3    15.3    -0.8    0.60
1938  -14.0   -6.4   -8.3   -1.4    4.0   11.0   17.5   11.7    7.6    1.9   -3.6   -6.2   -11.4    -1.9    13.4     2.0    0.52
1939  -16.0  -11.4   -8.4   -4.4    2.8    9.4   13.7   13.4    3.7   -2.1   -5.9  -18.7   -11.2    -3.3    12.2    -1.4   -0.95
1940  -19.8  -17.0  -14.4   -2.8    8.1   11.2   11.2   11.5    6.9    0.3   -9.6  -13.0   -18.5    -3.0    11.3    -0.8   -2.76
1941  -18.2  -15.7  -12.1   -5.5    2.7    8.9   17.9   11.0    4.7   -4.4   -5.1  -16.6   -15.6    -5.0    12.6    -1.6   -2.40
1942  -21.2  -17.0  -13.5   -2.8    3.3   10.3   14.0   10.6    5.3   -3.0   -7.4  -14.5   -18.3    -4.3    11.6    -1.7   -3.17
1943  -20.4   -9.5   -6.6   -2.7    4.2   11.8   14.3   10.8    5.8   -2.0   -6.4   -6.6   -14.8    -1.7    12.3    -0.9   -1.27
1944  -13.2  -10.6   -8.6   -5.5    2.8    9.5   12.6   10.2    6.4    1.3   -8.2  -11.4   -10.1    -3.8    10.8    -0.2   -0.83
1945  -16.7  -13.2   -9.9   -1.7    3.2    8.7   14.7   13.6    5.5   -6.2   -9.0  -15.4   -13.8    -2.8    12.3    -3.2   -1.87
1946  -11.2  -18.5  -10.9   -3.1    3.2   12.0   14.7   12.3    7.9   -1.8  -10.4   -3.9   -15.0    -3.6    13.0    -1.4   -1.77
1947   -9.8  -24.8  -15.9   -3.3    3.3   12.8   14.5   11.3    7.0    0.6   -9.1  -14.6   -12.8    -5.3    12.9    -0.5   -1.44
1948  -22.2  -11.5   -7.1   -0.1    5.7    9.0   14.5    8.7    6.7   -1.0   -6.2   -7.1   -16.1    -0.5    10.7    -0.2   -1.51
1949  -11.3   -9.1   -9.2   -2.0    4.0    9.0   10.9    9.5    7.9   -1.8   -1.9   -9.8    -9.2    -2.4     9.8     1.4   -0.09
1950  -17.3  -15.6   -9.1    0.7    3.7   11.9   12.2   13.4    6.8    1.7   -9.8  -11.3   -14.2    -1.6    12.5    -0.4   -0.93
1951  -18.4  -12.8  -11.2   -1.2    1.3    7.1   10.7   14.1    6.2    3.1  -12.3  -15.8   -14.2    -3.7    10.6    -1.0   -2.06
1952  -14.5  -11.2  -12.7   -1.4    2.7   11.7   12.9    8.2    5.4   -1.7   -7.8  -18.5   -13.8    -3.8    10.9    -1.4   -2.02
1953  -13.5  -17.8   -6.6   -0.8    3.9   15.1   12.9   11.7    4.5    0.9   -5.0   -7.8   -16.6    -1.2    13.2     0.1   -1.10
1954  -14.0  -17.1   -7.7   -2.0    6.2    9.2   14.8   10.6    6.1   -3.2   -7.5   -6.2   -13.0    -1.2    11.5    -1.5   -1.03
1955  -16.1  -21.9  -13.4   -5.9    1.8    6.4   12.2   11.8    6.8   -2.5  -15.1  -22.6   -14.7    -5.8    10.1    -3.6   -3.51
1956  -16.2  -17.4  -10.2   -7.5    4.6   11.4   12.2    8.8    4.2   -3.6  -14.5  -13.9   -18.7    -4.4    10.8    -4.6   -4.23
1957  -10.8  -14.0  -10.5   -1.4    2.6    7.8   15.6   11.4    5.4   -1.7   -6.2  -16.3   -12.9    -3.1    11.6    -0.8   -1.31
1958  -17.6  -16.2  -12.6   -5.1    1.4    8.7   11.3   11.8    5.6    0.1   -3.6  -19.3   -16.7    -5.4    10.6     0.7   -2.71
1959  -15.4   -3.5   -3.6   -5.1    4.6   10.6   13.2   11.7    4.7   -0.5   -6.0  -11.1   -12.7    -1.4    11.8    -0.6   -0.72
1960  -20.9  -20.2   -4.7    0.3    7.6   10.6   17.1   12.4    7.1   -6.0  -10.1  -14.7   -17.4     1.1    13.4    -3.0   -1.49
1961  -13.2  -13.9   -8.6   -6.5    2.7   11.9   14.6   11.8    5.7    3.7   -5.2  -21.0   -13.9    -4.1    12.8     1.4   -0.98
1962  -20.5  -14.9  -18.8   -1.9    2.5    8.6   10.2    9.3    5.1   -1.3   -4.5  -18.4   -18.8    -6.1     9.4    -0.2   -3.93
1963  -15.1  -17.7  -14.0   -2.6    9.5    8.3   11.5   11.4    8.0    1.1   -8.9  -14.1   -17.1    -2.4    10.4     0.1   -2.24
1964   -6.9  -16.7  -10.1   -4.3    4.0    9.1   13.5   10.0    4.2    2.3   -8.0  -12.1   -12.6    -3.5    10.9    -0.5   -1.42
1965  -16.1  -12.1  -13.8   -2.3    0.7    8.8    9.7    9.8    6.2   -1.3  -12.3  -19.1   -13.4    -5.1     9.4    -2.5   -2.90
1966  -21.1  -27.1  -17.8   -5.5    1.9   11.0   14.1    9.7    2.5   -4.5   -5.9  -10.4   -22.4    -7.1    11.6    -2.6   -5.15
1967  -21.6  -12.9   -5.5   -1.9    4.3    9.8   12.8   12.2    7.5   -1.6   -3.1  -21.3   -15.0    -1.0    11.6     0.9   -0.87
1968  -20.3  -17.9  -11.2   -3.5    0.0    8.8    9.8    9.3    3.4   -8.3   -6.0   -7.3   -19.8    -4.9     9.3    -3.6   -4.77
1969  -16.3  -18.6  -12.4   -4.3    2.0    9.8   13.0   12.1    5.1    0.4  -10.6  -15.4   -14.1    -4.9    11.6    -1.7   -2.26
1970  -16.8  -26.0   -8.1   -6.9    4.6   13.0   15.0   12.4    5.6    0.3   -9.6  -11.3   -19.4    -3.5    13.5    -1.2   -2.66
1971  -16.7  -20.1  -15.7   -4.5    2.8    9.7   11.9   11.0    4.4   -2.8  -17.8   -8.8   -17.6    -5.8    10.9    -5.4   -4.48
1972   -8.7  -13.7   -6.4   -2.8    3.4   14.4   16.6   12.4    5.5   -0.6  -11.4   -7.3   -10.4    -1.9    14.5    -2.2   -0.01
1973   -8.9  -16.7   -8.2   -3.0    3.3   11.4   17.2    9.9    2.5   -6.8  -13.3  -19.7   -11.0    -2.6    12.8    -5.9   -1.66
1974  -10.7   -9.3   -5.3   -1.4    3.9   11.8   14.9   11.4    7.4   -1.2   -7.9   -9.3   -13.2    -0.9    12.7    -0.6   -0.51
1975  -17.3  -10.6   -4.5   -2.9    4.7    7.3   10.9    8.9    6.2   -1.1   -6.5  -15.4   -12.4    -0.9     9.0    -0.5   -1.18
1976  -24.0  -11.9  -10.7   -2.3    6.2    8.7   12.7   11.5    2.9   -3.6  -11.3  -14.3   -17.1    -2.3    11.0    -4.0   -3.10
1977  -16.8  -16.3  -10.7   -4.6    2.7    8.4   12.9   10.8    4.1   -3.5   -5.7  -12.6   -15.8    -4.2    10.7    -1.7   -2.75
1978  -20.7  -14.9  -10.9   -4.2    4.4   10.2   12.5   10.1    4.7   -1.7   -9.4  -19.9   -16.1    -3.6    10.9    -2.1   -2.71
1979  -20.5  -15.7   -8.7   -3.4    4.0   11.2   14.7   11.8    5.8   -3.9   -8.5  -11.2   -18.7    -2.7    12.6    -2.2   -2.76
1980  -19.6  -18.6  -12.4   -0.5    3.5   12.7   13.1   11.2    6.4   -2.8  -14.5  -20.4   -16.5    -3.1    12.3    -3.6   -2.73
1981  999.9  999.9  999.9  999.9  999.9  999.9  999.9  999.9  999.9  999.9  999.9  999.9   999.9   999.9   999.9   999.9  999.90
1982  999.9  999.9  999.9  999.9  999.9  999.9  999.9  999.9  999.9  999.9  999.9  999.9   999.9   999.9   999.9   999.9  999.90
1983  999.9  999.9  999.9  999.9  999.9  999.9  999.9  999.9  999.9  999.9  999.9  999.9   999.9   999.9   999.9   999.9  999.90
1984  999.9  999.9  999.9  999.9  999.9  999.9  999.9  999.9  999.9  999.9  999.9  999.9   999.9   999.9   999.9   999.9  999.90
1985  999.9  999.9  999.9  999.9  999.9  999.9  999.9  999.9  999.9  999.9  999.9  999.9   999.9   999.9   999.9   999.9  999.90
1986  999.9  999.9  999.9  999.9  999.9  999.9  999.9  999.9  999.9  999.9  999.9  999.9   999.9   999.9   999.9   999.9  999.90
1987  999.9  999.9  999.9  999.9  999.9  999.9  999.9  999.9  999.9  999.9  999.9  999.9   999.9   999.9   999.9   999.9  999.90
1988  999.9  999.9  999.9  999.9  999.9  999.9  999.9  999.9  999.9  999.9  999.9  999.9   999.9   999.9   999.9   999.9  999.90
1989  999.9  999.9  999.9  999.9  999.9  999.9  999.9  999.9  999.9  999.9  999.9  999.9   999.9   999.9   999.9   999.9  999.90
1990  999.9  999.9  999.9  999.9  999.9  999.9  999.9  999.9  999.9  999.9  999.9  999.9   999.9   999.9   999.9   999.9  999.90
1991  999.9  999.9  999.9  999.9  999.9  999.9  999.9  999.9  999.9  999.9  999.9  999.9   999.9   999.9   999.9   999.9  999.90
1992  999.9  999.9  999.9  999.9  999.9  999.9  999.9  999.9  999.9  999.9  999.9  999.9   999.9   999.9   999.9   999.9  999.90
1993  999.9  999.9  999.9  999.9  999.9  999.9  999.9  999.9  999.9  999.9  999.9  999.9   999.9   999.9   999.9   999.9  999.90
1994  999.9  999.9  999.9  999.9  999.9  999.9  999.9  999.9  999.9  999.9  999.9  999.9   999.9   999.9   999.9   999.9  999.90
1995  999.9  999.9  999.9  999.9  999.9  999.9  999.9  999.9  999.9  999.9  999.9  999.9   999.9   999.9   999.9   999.9  999.90
1996  999.9  999.9  999.9  999.9  999.9  999.9  999.9  999.9  999.9  999.9  999.9  999.9   999.9   999.9   999.9   999.9  999.90
1997  999.9  999.9  999.9  999.9  999.9  999.9  999.9  999.9  999.9  999.9  999.9  999.9   999.9   999.9   999.9   999.9  999.90
1998  999.9  999.9  999.9  999.9  999.9  999.9  999.9  999.9  999.9  999.9  999.9  999.9   999.9   999.9   999.9   999.9  999.90
1999  999.9  999.9  999.9  999.9  999.9  999.9  999.9  999.9  999.9  999.9  999.9  999.9   999.9   999.9   999.9   999.9  999.90
2000  999.9  999.9  999.9  999.9  999.9  999.9  999.9  999.9  999.9  999.9  999.9  999.9   999.9   999.9   999.9   999.9  999.90
2001  999.9  999.9  999.9  999.9  999.9  999.9  999.9  999.9  999.9  999.9  999.9  999.9   999.9   999.9   999.9   999.9  999.90
2002  999.9  999.9  999.9  999.9  999.9  999.9  999.9  999.9  999.9  999.9  999.9  999.9   999.9   999.9   999.9   999.9  999.90
2003  999.9  999.9  999.9  999.9  999.9  999.9  999.9  999.9  999.9  999.9  999.9  999.9   999.9   999.9   999.9   999.9  999.90
2004  999.9  999.9  999.9  999.9  999.9  999.9  999.9  999.9  999.9  999.9  999.9  999.9   999.9   999.9   999.9   999.9  999.90
2005  999.9  999.9  999.9  999.9  999.9  999.9  999.9  999.9  999.9  999.9  999.9  999.9   999.9   999.9   999.9   999.9  999.90
2006  999.9  999.9  999.9  999.9  999.9  999.9  999.9  999.9  999.9  999.9  999.9  999.9   999.9   999.9   999.9   999.9  999.90
2007  999.9  999.9  999.9  999.9  999.9  999.9  999.9  999.9  999.9  999.9  999.9  999.9   999.9   999.9   999.9   999.9  999.90
2008  999.9  999.9  999.9  999.9  999.9  999.9  999.9  999.9    4.5   -0.9   -8.9   -8.4   999.9   999.9   999.9    -1.8  999.90
2009  -10.8  -18.5   -7.2   -1.9    6.3    9.0   12.3   12.1    7.2   -3.5   -3.1  -13.2   -12.6    -0.9    11.1     0.2   -0.54
2010  -16.3  -19.8  -12.2    0.5    6.3    9.0   13.7   10.2    6.8    0.8  -15.4  -14.7   -16.4    -1.8    11.0    -2.6   -2.47


